time,x,y,z,phi,theta,psi,x_velocity,y_velocity,z_velocity,phi_velocity,theta_velocity,psi_velocity,rotor_speed1,rotor_speed2,rotor_speed3,rotor_speed4
0.06,-0.0118422484975,0.00935152727657,10.0186573,0.493671537285,0.451605519185,0.0,-0.644091223589,0.475325117337,0.425474255301,-10.8302085217,-10.8185011789,0.0,466.36336851901734,467.0811545929468,465.60821811431435,464.5439579291996
0.12000000000000001,-0.0508494347221,0.0403645890882,10.0549678154,5.47375966614,5.38958370192,0.0,-0.639901941436,0.325726817649,0.812040601664,-19.3009854966,-19.2742833115,0.0,466.36336851901734,467.0811545929468,465.60821811431435,464.5439579291996
0.18,-0.0857540431314,0.0554987753321,10.1030217378,2.33697791999,2.26567248829,0.0,-1.09182174618,0.251639171978,0.674344980174,-24.3780365926,-24.3580603295,0.0,466.36336851901734,467.0811545929468,465.60821811431435,464.5439579291996
0.23999999999999996,-0.184313046708,0.05042236535,10.1460096972,1.92465157056,1.86088545949,0.0,-2.20866892922,-0.415736419239,0.730591157576,-26.9043636646,-26.8918673751,0.0,466.36336851901734,467.0811545929468,465.60821811431435,464.5439579291996
0.3,-0.358192969377,0.0232112840194,10.1761463361,0.505283745609,0.44415572462,0.0,-3.54301727909,-0.249027245212,0.337503531866,-28.0289210077,-28.0215327021,0.0,466.36336851901734,467.0811545929468,465.60821811431435,464.5439579291996
0.36000000000000004,-0.577324250045,0.0161528140576,10.2156121996,5.13502458426,5.07592292931,0.0,-3.42806516659,-0.270841811514,0.940271913826,-28.5034727833,-28.5070073227,0.0,466.36336851901734,467.0811545929468,465.60821811431435,464.5439579291996
0.4200000000000001,-0.743120533659,-0.00251588527255,10.2604861094,3.42690405186,3.36790680707,0.0,-2.16428638841,-0.077096488664,0.655715843171,-28.6995071866,-28.7098671525,0.0,466.36336851901734,467.0811545929468,465.60821811431435,464.5439579291996
0.48000000000000015,-0.876157712417,-0.00656943039109,10.3199543387,1.70413086428,1.64456832561,0.0,-2.60066983187,-0.294568243022,1.14981949531,-28.7736089939,-28.7966356722,0.0,466.36336851901734,467.0811545929468,465.60821811431435,464.5439579291996
0.5400000000000001,-1.07110283552,-0.0175384788957,10.3781176457,6.26031574116,6.1993152769,0.0,-3.73211331563,0.10049108304,1.02567725058,-28.8055791833,-28.8333737961,0.0,466.36336851901734,467.0811545929468,465.60821811431435,464.5439579291996
0.6000000000000002,-1.27999261126,-0.0200772620676,10.4564748789,4.53150744884,4.46899320761,0.0,-2.95242930124,-0.27511853201,1.30250510684,-28.8296706711,-28.8484121936,0.0,466.36336851901734,467.0811545929468,465.60821811431435,464.5439579291996
0.6600000000000003,-1.42299584791,-0.0220511159714,10.5299165902,2.80142298102,2.73793585929,0.0,-2.06709418883,0.208488508507,1.44294014935,-28.8438873826,-28.8551283738,0.0,466.36336851901734,467.0811545929468,465.60821811431435,464.5439579291996
0.7200000000000003,-1.57330012056,-0.0233925428589,10.6247527109,1.07076747895,1.00653286941,0.0,-3.13736796205,-0.158387579509,1.43953187409,-28.8448249495,-28.8592384265,0.0,466.36336851901734,467.0811545929468,465.60821811431435,464.5439579291996
0.7800000000000004,-1.7872290203,-0.0159158821295,10.7159377461,5.62351622817,5.5582561239,0.0,-3.68054058352,0.231755599231,1.83807706054,-28.8349617529,-28.8554838176,0.0,466.36336851901734,467.0811545929468,465.60821811431435,464.5439579291996
0.8400000000000004,-1.97379478371,-0.015519327343,10.8245994742,3.89340004638,3.82693726168,0.0,-2.44460485435,0.0260721691859,1.6132008934,-28.8357391191,-28.8550599,0.0,466.36336851901734,467.0811545929468,465.60821811431435,464.5439579291996
0.9000000000000005,-2.10546495279,-0.000285733780699,10.9356128144,2.16326338737,2.0956326055,0.0,-2.29625930367,0.199031261438,2.16877728146,-28.8354182702,-28.855104342,0.0,466.36336851901734,467.0811545929468,465.60821811431435,464.5439579291996
0.9600000000000005,-2.2822965026,0.00482553398857,11.056430298,0.433300424121,0.364293412658,0.0,-3.57799653954,0.261999673709,1.86796475163,-28.8289448443,-28.8564960622,0.0,466.36336851901734,467.0811545929468,465.60821811431435,464.5439579291996
1.0200000000000005,-2.49938809007,0.0255543627623,11.1877059871,4.98875844258,4.91612837362,0.0,-3.31703251696,0.152666172661,2.411044961,-28.7702641988,-28.8548669425,0.0,466.36336851901734,467.0811545929468,465.60821811431435,464.5439579291996
1.0800000000000005,-2.65870858219,0.0375540329116,11.3204179127,3.26188149017,3.18504224302,0.0,-2.11432750452,0.478907662756,2.19789483392,-28.8089837684,-28.8467420126,0.0,466.36336851901734,467.0811545929468,465.60821811431435,464.5439579291996
1.1400000000000006,-2.7960231613,0.061937798656,11.4708141855,1.53301322579,1.45441862647,0.0,-2.76528252698,0.174039818018,2.57093121429,-28.8245434374,-28.8395556727,0.0,466.36336851901734,467.0811545929468,465.60821811431435,464.5439579291996
1.2000000000000006,-2.99803657039,0.0842112597565,11.6171230848,6.08832901011,6.00739109713,0.0,-3.74804827095,0.643511858161,2.58252811055,-28.7753302548,-28.8331446449,0.0,466.36336851901734,467.0811545929468,465.60821811431435,464.5439579291996
1.2600000000000007,-3.20121950725,0.11080709509,11.7843692362,4.36208792559,4.27737297685,0.0,-2.79336738764,0.259414738317,2.69394650904,-28.7645264294,-28.8343876456,0.0,466.36336851901734,467.0811545929468,465.60821811431435,464.5439579291996
1.3200000000000007,-3.33905875795,0.14364265265,11.9462881824,2.63544170343,2.54727401031,0.0,-2.09847934299,0.730639992013,2.97798980141,-28.8181314155,-28.8358981955,0.0,466.36336851901734,467.0811545929468,465.60821811431435,464.5439579291996
1.3800000000000008,-3.49625572502,0.173940891649,12.1274784206,0.907288098387,0.817211411458,0.0,-3.27698265925,0.461420041947,2.83829399919,-28.7864451237,-28.8321811077,0.0,466.36336851901734,467.0811545929468,465.60821811431435,464.5439579291996
1.4400000000000008,-3.71187899076,0.217534885848,12.3073282643,5.47092566734,5.37048211569,0.0,-3.58320712348,0.751698673504,3.31967575944,-28.6352568977,-28.8315041398,0.0,466.36336851901734,467.0811545929468,465.60821811431435,464.5439579291996
1.5000000000000009,-3.889367804,0.252543154977,12.4999346772,3.75242074655,3.64059892229,0.0,-2.30077475314,0.703545238223,3.01957534093,-28.7518700901,-28.8312096488,0.0,466.36336851901734,467.0811545929468,465.60821811431435,464.5439579291996
1.560000000000001,-4.01955303719,0.305514458336,12.698233675,2.02675449031,1.91061306283,0.0,-2.38960412149,0.772437790314,3.57687164575,-28.781557248,-28.8361267216,0.0,466.36336851901734,467.0811545929468,465.60821811431435,464.5439579291996
1.620000000000001,-4.20245850706,0.350739405822,12.9016684567,0.303938584348,0.180380347419,0.0,-3.62090619835,1.00145261121,3.29941661915,-28.6828061147,-28.8389074625,0.0,466.36336851901734,467.0811545929468,465.60821811431435,464.5439579291996
1.680000000000001,-4.41487524272,0.411992672221,13.1184429165,4.87116375166,4.73320038783,0.0,-3.14020381629,0.811029331967,3.75441618362,-28.5688434866,-28.8402091372,0.0,466.36336851901734,467.0811545929468,465.60821811431435,464.5439579291996
1.740000000000001,-4.56489733533,0.469511727784,13.332324757,3.15723787263,3.00275739248,0.0,-2.03886853879,1.27454392699,3.61892027369,-28.7124953401,-28.8414949418,0.0,466.36336851901734,467.0811545929468,465.60821811431435,464.5439579291996
1.8000000000000012,-4.70436679327,0.539648279195,13.5648906331,1.434466562,1.2723014416,0.0,-2.87435873633,0.980734616373,3.86446010598,-28.7134053146,-28.8400977466,0.0,466.36336851901734,467.0811545929468,465.60821811431435,464.5439579291996
1.8600000000000012,-4.90873670506,0.614605703067,13.7916583775,6.00274059543,5.82531530017,0.0,-3.67757806195,1.5146346724,3.97035438982,-28.5589093151,-28.8309137058,0.0,466.36336851901734,467.0811545929468,465.60821811431435,464.5439579291996
1.9200000000000013,-5.10236142164,0.693781760826,14.0376397745,4.29114747712,4.0955575883,0.0,-2.59732682959,1.21806123304,3.94432196824,-28.5016936783,-28.8269661498,0.0,466.36336851901734,467.0811545929468,465.60821811431435,464.5439579291996
1.9800000000000013,-5.23369434237,0.786907935073,14.2777288451,2.58215206877,2.36614153886,0.0,-2.10814281334,1.72175113095,4.29151597817,-28.6737529353,-28.8189881946,0.0,466.36336851901734,467.0811545929468,465.60821811431435,464.5439579291996
2.0400000000000014,-5.39508440631,0.880468391654,14.5338805314,0.862726516438,0.63691163106,0.0,-3.3460736918,1.62073938712,4.07384859951,-28.6401962128,-28.822891539,0.0,466.36336851901734,467.0811545929468,465.60821811431435,464.5439579291996
2.1000000000000014,-5.60809188233,0.994265008332,14.7898037259,5.43270853253,5.19061964164,0.0,-3.42286137926,1.90764778106,4.56682143285,-28.5231129548,-28.827382902,0.0,466.36336851901734,467.0811545929468,465.60821811431435,464.5439579291996
2.1600000000000015,-5.77404381371,1.10400271937,15.0538641189,3.72253781878,3.46092915547,0.0,-2.13597242407,2.05018893572,4.21887605356,-28.6981241401,-28.8294005247,0.0,466.36336851901734,467.0811545929468,465.60821811431435,464.5439579291996
2.2200000000000015,-5.90157675483,1.23779016781,15.3241632038,2.00019152537,1.73098414447,0.0,-2.45150849132,2.13681131854,4.7250078856,-28.7212936271,-28.8374490108,0.0,466.36336851901734,467.0811545929468,465.60821811431435,464.5439579291996
2.2800000000000016,-6.08731170077,1.37118881843,15.5956347141,0.287777438425,0.000608977606281,0.0,-3.59083553567,2.54116476273,4.4602118882,-28.5316374758,-28.843043583,0.0,466.36336851901734,467.0811545929468,465.60821811431435,464.5439579291996
2.3400000000000016,-6.29129388674,1.52496372506,15.8801006684,4.86896157127,4.5532101123,0.0,-2.91849274414,2.39698560825,4.81164093523,-28.3527595214,-28.8431087643,0.0,466.36336851901734,467.0811545929468,465.60821811431435,464.5439579291996
2.4000000000000017,-6.43052070909,1.68371397648,16.1573136023,3.17233406848,2.82274618748,0.0,-1.95554958113,3.01597906352,4.69114229566,-28.5948086852,-28.8381608513,0.0,466.36336851901734,467.0811545929468,465.60821811431435,464.5439579291996
2.4600000000000017,-6.57049948446,1.86100654198,16.4505366754,1.47093013997,1.09253528612,0.0,-2.92862652493,2.85937202935,4.8207499478,-28.3697499139,-28.834942992,0.0,466.36336851901734,467.0811545929468,465.60821811431435,464.5439579291996
2.520000000000002,-6.77212810724,2.0532266085,16.7342321477,6.12608738185,5.64567593974,0.0,-3.5149970558,3.5229703337,4.88365368137,-27.784373433,-28.8328045379,0.0,466.36336851901734,467.0811545929468,465.60821811431435,464.5439579291996
2.580000000000002,-6.95111440098,2.2584235436,17.0322110862,4.49208597763,3.91561498716,0.0,-2.32408944034,3.42469916786,4.75744480611,-28.2911753976,-28.8367992104,0.0,466.36336851901734,467.0811545929468,465.60821811431435,464.5439579291996
2.640000000000002,-7.07280987944,2.49010875866,17.316173979,2.82311667141,2.18543565124,0.0,-2.061664744,4.15090606928,4.9258413273,-27.9505475147,-28.8356125132,0.0,466.36336851901734,467.0811545929468,465.60821811431435,464.5439579291996
2.700000000000002,-7.22809932354,2.73778891795,17.6042855547,2.13139719808,0.455302546802,0.0,-3.13272364091,4.23576299174,4.42841559013,-25.6442462543,-28.8354601512,0.0,466.36336851901734,467.0811545929468,465.60821811431435,464.5439579291996
2.760000000000002,-7.42028212725,3.00498696188,17.8341210196,3.53411039935,5.00825047803,0.0,-3.05302987937,4.46279165785,3.18088309312,-21.5885381223,-28.8402188129,0.0,466.36336851901734,467.0811545929468,465.60821811431435,464.5439579291996
2.820000000000002,-7.56625785001,3.27447451519,18.006440375,3.58341788841,3.2779659335,0.0,-1.88928304127,4.68562672164,2.82507067534,-24.4500249098,-28.8350379194,0.0,466.36336851901734,467.0811545929468,465.60821811431435,464.5439579291996
2.880000000000002,-7.68348958496,3.56625179364,18.1631842496,0.704430803789,1.54801336261,0.0,-2.19824757526,4.94277275943,2.14823419805,-19.1973210671,-28.8290406256,0.0,466.36336851901734,467.0811545929468,465.60821811431435,464.5439579291996
2.940000000000002,-7.83471928743,3.86841110523,18.2749684165,1.87774175668,6.10154596107,0.0,-2.7332088833,5.27204797085,1.56298618945,-15.5640076127,-28.8253854376,0.0,466.36336851901734,467.0811545929468,465.60821811431435,464.5439579291996
3.000000000000002,-7.98980662259,4.2007943703,18.3447389415,2.35503942695,4.37198580671,0.0,-2.30518542009,5.6991925805,0.781884850671,-12.7367009884,-28.8269525926,0.0,466.36336851901734,467.0811545929468,465.60821811431435,464.5439579291996
3.0600000000000023,-8.11276278234,4.53520208655,18.3826474094,2.2669421013,2.64224156286,0.0,-1.92754116485,5.37147191054,0.55073595344,-10.7941563279,-28.8324957015,0.0,466.36336851901734,467.0811545929468,465.60821811431435,464.5439579291996
3.1200000000000023,-8.24255366347,4.84676786737,18.4073224862,1.98720809801,0.91207922138,0.0,-2.48401404368,5.1276787008,0.175955657761,-9.37505340363,-28.8420641576,0.0,466.36336851901734,467.0811545929468,465.60821811431435,464.5439579291996
3.1800000000000024,-8.40259726669,5.16901345967,18.3943230597,1.86868963229,5.46468644841,0.0,-2.69411790134,5.67218013812,-0.624482467903,-7.80831841832,-28.8443718825,0.0,466.36336851901734,467.0811545929468,465.60821811431435,464.5439579291996
3.2400000000000024,-8.54645197967,5.51890360946,18.3363086392,1.58976729419,3.73414650031,0.0,-2.06986755303,5.8226649173,-1.2684151903,-6.80417498249,-28.839433216,0.0,466.36336851901734,467.0811545929468,465.60821811431435,464.5439579291996
3.3000000000000025,-8.66296476078,5.86156878626,18.2511209304,0.718049181606,2.00385821169,0.0,-2.05456110551,5.93551876448,-1.68236856535,-0.96026095862,-28.8362571433,0.0,466.36336851901734,467.0811545929468,465.60821811431435,464.5439579291996
3.3600000000000025,-8.82568200239,6.21487272465,18.1257986208,1.6114067597,0.273793962016,0.0,-3.30311603022,6.13460329138,-2.40943674947,9.87590686283,-28.8317557143,0.0,466.36336851901734,467.0811545929468,465.60821811431435,464.5439579291996
3.4200000000000026,-9.02242482942,6.61203959573,17.9741365403,2.69831633845,4.82713510429,0.0,-2.95120156872,6.67617679269,-2.51555202403,18.6200047995,-28.8292430106,0.0,466.36336851901734,467.0811545929468,465.60821811431435,464.5439579291996
3.4800000000000026,-9.15994114511,7.01541094406,17.7973275108,2.60271045876,3.09734972841,0.0,-1.79458326908,6.50096399901,-3.44628021955,23.9963372018,-28.8305437529,0.0,466.36336851901734,467.0811545929468,465.60821811431435,464.5439579291996
3.5400000000000027,-9.28127887754,7.40315800289,17.601884312,5.38156995649,1.36745554838,0.0,-2.5266922663,6.69484218489,-3.32115170414,26.7070642023,-28.8331696082,0.0,466.36336851901734,467.0811545929468,465.60821811431435,464.5439579291996
3.6000000000000028,-9.4686828602,7.80091466473,17.4012101278,0.994475762728,5.92061962743,0.0,-3.47158289606,6.70912202983,-3.09905723589,27.9364730453,-28.8344812536,0.0,466.36336851901734,467.0811545929468,465.60821811431435,464.5439579291996
3.660000000000003,-9.65284344817,8.23169102047,17.2104432052,2.73159221951,4.19045928781,0.0,-2.45572943332,7.43436607825,-3.45447647049,28.4614426936,-28.8384218575,0.0,466.36336851901734,467.0811545929468,465.60821811431435,464.5439579291996
3.720000000000003,-9.77398243088,8.68021860975,17.0118475809,4.45280648164,2.46019515718,0.0,-1.88362154231,7.79449656035,-3.08197670846,28.6790397926,-28.8367205586,0.0,466.36336851901734,467.0811545929468,465.60821811431435,464.5439579291996
3.780000000000003,-9.91873988325,9.16901769448,16.8123493767,6.17718066914,0.730044042375,0.0,-3.07454785433,8.22697285085,-3.57369456583,28.770025425,-28.834574312,0.0,466.36336851901734,467.0811545929468,465.60821811431435,464.5439579291996
3.840000000000003,-10.1204120465,9.6686463568,16.6133865126,1.62139302979,5.28307978295,0.0,-3.3043325529,8.71549958983,-3.13208711492,28.8089215614,-28.8377925697,0.0,466.36336851901734,467.0811545929468,465.60821811431435,464.5439579291996
3.900000000000003,-10.2812059585,10.2064777285,16.4090335031,3.35028902509,3.55309422046,0.0,-2.05606734264,8.97274073056,-3.51451712704,28.8226272403,-28.8268750869,0.0,466.36336851901734,467.0811545929468,465.60821811431435,464.5439579291996
3.960000000000003,-10.4000350094,10.765097251,16.211259059,5.07960379097,1.82374639444,0.0,-2.22268958982,9.77229528066,-3.32277688655,28.8208094524,-28.8165832422,0.0,466.36336851901734,467.0811545929468,465.60821811431435,464.5439579291996
4.020000000000002,-10.5726801712,11.3555795557,15.9977616154,0.525731929581,0.0948098247499,0.0,-3.44594508437,9.77357702498,-3.51007256213,28.8234714263,-28.8141814543,0.0,466.36336851901734,467.0811545929468,465.60821811431435,464.5439579291996
4.080000000000001,-10.7721093264,11.9656769238,15.7974628951,2.25524262843,4.64911347634,0.0,-2.90602095956,10.6172119991,-3.4776185627,28.8276284167,-28.8154811761,0.0,466.36336851901734,467.0811545929468,465.60821811431435,464.5439579291996
4.14,-10.9099580727,12.6039652389,15.5830025627,3.98495496123,2.92013968214,0.0,-1.8933506092,10.7631795851,-3.38546686546,28.8298764327,-28.8173874384,0.0,466.36336851901734,467.0811545929468,465.60821811431435,464.5439579291996
4.199999999999998,-11.0414505169,13.2778383366,15.3756646195,5.71461313732,1.19102838019,0.0,-2.72144275289,11.5500697644,-3.74054335445,28.8239988105,-28.8202970617,0.0,466.36336851901734,467.0811545929468,465.60821811431435,464.5439579291996
4.259999999999997,-11.236949296,13.966360613,15.154788651,1.16088261002,5.74506523087,0.0,-3.49948354627,11.6076389872,-3.40538680148,28.8246172887,-28.8174545848,0.0,466.36336851901734,467.0811545929468,465.60821811431435,464.5439579291996
4.319999999999996,-11.4198518833,14.6888407805,14.9407797654,2.89023216031,4.01588837866,0.0,-2.42045204846,12.2434757617,-3.84337828891,28.8190557598,-28.823111546,0.0,466.36336851901734,467.0811545929468,465.60821811431435,464.5439579291996
4.379999999999995,-11.544491327,15.4325876542,14.7215877277,4.61940252717,2.28631456829,0.0,-2.04482933108,12.7958018184,-3.5110299528,28.8201769539,-28.8314524601,0.0,466.36336851901734,467.0811545929468,465.60821811431435,464.5439579291996
4.439999999999993,-11.6993750484,16.2168500127,14.4932743664,0.0655234109254,0.556427176025,0.0,-3.23724000036,13.0818646018,-4.02883549316,28.8240639167,-28.8314626957,0.0,466.36336851901734,467.0811545929468,465.60821811431435,464.5439579291996
4.499999999999992,-11.9045731798,17.0091951142,14.2685594509,1.79500295414,5.10989875052,0.0,-3.28485045472,13.5967257421,-3.63101472249,28.8255416556,-28.824536203,0.0,466.36336851901734,467.0811545929468,465.60821811431435,464.5439579291996
4.559999999999991,-12.064007736,17.8383883884,14.0341137978,3.52463550254,3.38055480965,0.0,-2.08231375932,13.8768270924,-3.93570244691,28.8296053425,-28.8193685318,0.0,466.36336851901734,467.0811545929468,465.60821811431435,464.5439579291996
4.6199999999999894,-12.1897346758,18.6969769831,13.8055322888,5.25454391201,1.65145849624,0.0,-2.36921206014,14.7472660691,-3.95129508285,28.8349225189,-28.8166694794,0.0,466.36336851901734,467.0811545929468,465.60821811431435,464.5439579291996
4.679999999999988,-12.3709463433,19.582700775,13.5556246852,0.701535404151,6.20559137184,0.0,-3.52031815121,14.6712730016,-4.04016979842,28.8382480774,-28.8188924142,0.0,466.36336851901734,467.0811545929468,465.60821811431435,464.5439579291996
4.739999999999987,-12.570205365,20.4870158668,13.3187353161,2.43182517627,4.47633766872,0.0,-2.86239008243,15.4946340913,-4.17233892646,28.8380338767,-28.8241208933,0.0,466.36336851901734,467.0811545929468,465.60821811431435,464.5439579291996
4.799999999999986,-12.7089090788,21.4214564648,13.0672723133,4.16209247902,2.74678035008,0.0,-2.00534451636,15.8556679378,-3.99405919661,28.8374148852,-28.8288933341,0.0,466.36336851901734,467.0811545929468,465.60821811431435,464.5439579291996
4.859999999999984,-12.8488368403,22.397545643,12.814883111,5.89235986375,1.01707102212,0.0,-2.88574843539,16.5315875673,-4.55623265516,28.8383492975,-28.8278854355,0.0,466.36336851901734,467.0811545929468,465.60821811431435,464.5439579291996
4.919999999999983,-13.0495037234,23.3824924709,12.5493659967,1.33951799638,5.57047263614,0.0,-3.4822432188,16.5537413937,-4.15068758028,28.8401036581,-28.8326803489,0.0,466.36336851901734,467.0811545929468,465.60821811431435,464.5439579291996
4.979999999999982,-13.2306633577,24.4001826416,12.2861781307,3.06991776861,3.84051887321,0.0,-2.40126666078,17.1488826173,-4.6399573428,28.8398334274,-28.8323857347,0.0,466.36336851901734,467.0811545929468,465.60821811431435,464.5439579291996
5.0399999999999805,-13.3596713579,25.4473863935,12.0188602495,4.80050730827,2.11059430801,0.0,-2.18312983614,17.8826010303,-4.45325157005,28.8473862269,-28.8312592368,0.0,466.36336851901734,467.0811545929468,465.60821811431435,464.5439579291996
