time,x,y,z,phi,theta,psi,x_velocity,y_velocity,z_velocity,phi_velocity,theta_velocity,psi_velocity,rotor_speed1,rotor_speed2,rotor_speed3,rotor_speed4
0.06,-0.0118899794841,0.00937013306252,10.0184129833,0.893502443387,0.459617611903,0.0,-0.646751081033,0.48865934814,0.396519403118,10.8183681903,-10.8207320039,0.0,466.36336851901734,467.0811545929468,465.60821811431435,464.5439579291996
0.12000000000000001,-0.0512529045635,0.0587369955392,10.0486785301,1.22884938009,5.40786817857,0.0,-0.641781618972,1.19126259116,0.580115727006,19.2791679264,-19.2801658178,0.0,466.36336851901734,467.0811545929468,465.60821811431435,464.5439579291996
0.18,-0.0866639184569,0.140459650805,10.0619631914,0.629691157969,2.26219701127,0.0,-1.10164759135,1.38938355016,-0.26591527941,24.3516236014,-24.3514768986,0.0,466.36336851901734,467.0811545929468,465.60821811431435,464.5439579291996
0.23999999999999996,-0.185928179866,0.20290189874,10.0191817921,3.25290035359,1.85255546935,0.0,-2.22361801525,0.707677579075,-0.841845204506,26.8710231244,-26.8791923194,0.0,466.36336851901734,467.0811545929468,465.60821811431435,464.5439579291996
0.3,-0.360770591655,0.242058245357,9.95578231514,5.11873735376,0.43895700132,0.0,-3.55802266706,0.406216292226,-1.39583312148,28.0085809019,-28.0152307744,0.0,466.36336851901734,467.0811545929468,465.60821811431435,464.5439579291996
0.36000000000000004,-0.58071808197,0.238308133295,9.87891780891,0.570007816005,5.07061735621,0.0,-3.44032822627,-0.263958371198,-1.02766716834,28.4989278967,-28.4973955169,0.0,466.36336851901734,467.0811545929468,465.60821811431435,464.5439579291996
0.4200000000000001,-0.747368166093,0.220920445976,9.80590201924,2.29229179966,3.36296822734,0.0,-2.18032988518,-0.598741290151,-1.46600430804,28.7045135529,-28.695772297,0.0,466.36336851901734,467.0811545929468,465.60821811431435,464.5439579291996
0.48000000000000015,-0.881599339294,0.164410503145,9.73200777405,4.01732816054,1.64046138893,0.0,-2.6243296534,-0.990033307702,-1.01892788957,28.7791703787,-28.7802890015,0.0,466.36336851901734,467.0811545929468,465.60821811431435,464.5439579291996
0.5400000000000001,-1.07784061095,0.0956486037561,9.65533921006,5.74495250193,6.19625732661,0.0,-3.75087784449,-1.57413327769,-1.42761133283,28.8091284551,-28.8113300524,0.0,466.36336851901734,467.0811545929468,465.60821811431435,464.5439579291996
0.6000000000000002,-1.28788203259,-0.0100407050041,9.58533558415,1.19070137309,4.46748706272,0.0,-2.97691637326,-1.72311642137,-1.09877146841,28.8237260559,-28.8152266989,0.0,466.36336851901734,467.0811545929468,465.60821811431435,464.5439579291996
0.6600000000000003,-1.43224470586,-0.132497040659,9.50511933853,2.92027149627,2.73860441083,0.0,-2.08935685827,-2.51565680221,-1.32273433367,28.8296026374,-28.8139439649,0.0,466.36336851901734,467.0811545929468,465.60821811431435,464.5439579291996
0.7200000000000003,-1.58388116517,-0.285193227175,9.43775870116,4.65016365061,1.0098556944,0.0,-3.15911234382,-2.50507306923,-1.21071325701,28.8342928768,-28.8103602198,0.0,466.36336851901734,467.0811545929468,465.60821811431435,464.5439579291996
0.7800000000000004,-1.79883566241,-0.461601223897,9.35721572308,0.0972059327254,5.56438326518,0.0,-3.69830120502,-3.36022563628,-1.17950095225,28.8410665861,-28.8118887843,0.0,466.36336851901734,467.0811545929468,465.60821811431435,464.5439579291996
0.8400000000000004,-1.98693899595,-0.66061240555,9.28927502745,1.82763910334,3.83547213344,0.0,-2.46977331729,-3.3794809018,-1.35155692835,28.8397646848,-28.820742384,0.0,466.36336851901734,467.0811545929468,465.60821811431435,464.5439579291996
0.9000000000000005,-2.11967918531,-0.891447710667,9.21049064813,3.55807242506,2.10610995594,0.0,-2.30820620963,-4.11812537715,-1.04987788069,28.8417209283,-28.8258564984,0.0,466.36336851901734,467.0811545929468,465.60821811431435,464.5439579291996
0.9600000000000005,-2.29710605543,-1.13618635622,9.14105230835,5.28850090506,0.376437123617,0.0,-3.58086214305,-4.2894199656,-1.41806846381,28.8385173559,-28.8311429667,0.0,466.36336851901734,467.0811545929468,465.60821811431435,464.5439579291996
1.0200000000000005,-2.51472377008,-1.41774416733,9.06634538454,0.735647585008,4.92969835596,0.0,-3.3356974348,-4.81972848092,-1.0051462995,28.8393879469,-28.833505712,0.0,466.36336851901734,467.0811545929468,465.60821811431435,464.5439579291996
1.0800000000000005,-2.67521312583,-1.71172687142,8.99245493875,2.46605908161,3.19981730532,0.0,-2.12371004481,-5.267367932,-1.42950453124,28.8413758663,-28.828297102,0.0,466.36336851901734,467.0811545929468,465.60821811431435,464.5439579291996
1.1400000000000006,-2.81258687493,-2.04207800077,8.92287417391,4.19662245369,1.47028721417,0.0,-2.7616659587,-5.47343522681,-1.01194276383,28.8446762427,-28.8216097693,0.0,466.36336851901734,467.0811545929468,465.60821811431435,464.5439579291996
1.2000000000000006,-3.01414078692,-2.3840884797,8.84656194997,5.9271965605,6.02410216626,0.0,-3.73820144266,-6.1459898226,-1.3487834321,28.8400660016,-28.8247695243,0.0,466.36336851901734,467.0811545929468,465.60821811431435,464.5439579291996
1.2600000000000007,-3.21746001787,-2.75973902253,8.77974520945,1.37438117813,4.29456563795,0.0,-2.80901658125,-6.21784125314,-1.12761497834,28.8386270139,-28.8269099562,0.0,466.36336851901734,467.0811545929468,465.60821811431435,464.5439579291996
1.3200000000000007,-3.3552210471,-3.15504691314,8.70126896996,3.10476742353,2.56494206537,0.0,-2.08431471388,-7.01704567074,-1.19675215863,28.8414393055,-28.8272864704,0.0,466.36336851901734,467.0811545929468,465.60821811431435,464.5439579291996
1.3800000000000008,-3.51136282818,-3.57266053458,8.63716460244,4.83521850813,0.835282368723,0.0,-3.25775328738,-6.94260355486,-1.23157121442,28.8399473818,-28.8282347148,0.0,466.36336851901734,467.0811545929468,465.60821811431435,464.5439579291996
1.4400000000000008,-3.72538993955,-4.01579611356,8.55989358164,0.282380634782,5.3886217828,0.0,-3.56002403037,-7.74145544832,-1.0753769881,28.837848065,-28.8349143919,0.0,466.36336851901734,467.0811545929468,465.60821811431435,464.5439579291996
1.5000000000000009,-3.90234875078,-4.47799455517,8.49317416058,2.01259553907,3.65841902495,0.0,-2.28348048435,-7.83455134918,-1.35679462927,28.8354644677,-28.8395888851,0.0,466.36336851901734,467.0811545929468,465.60821811431435,464.5439579291996
1.560000000000001,-4.03097143976,-4.97235501542,8.41959613051,3.74271453677,1.92790923552,0.0,-2.35657931541,-8.37811538726,-0.953918449984,28.8350923833,-28.8454680626,0.0,466.36336851901734,467.0811545929468,465.60821811431435,464.5439579291996
1.620000000000001,-4.21175932411,-5.47417132223,8.35138153352,5.47283559822,0.197064496851,0.0,-3.56945752737,-8.62659228304,-1.38059976385,28.8357384702,-28.8505370243,0.0,466.36336851901734,467.0811545929468,465.60821811431435,464.5439579291996
1.680000000000001,-4.42148706136,-6.01222454901,8.28103347353,0.919954389196,4.74920697351,0.0,-3.10943726071,-9.04335939399,-0.983941172187,28.8421221646,-28.8509822382,0.0,466.36336851901734,467.0811545929468,465.60821811431435,464.5439579291996
1.740000000000001,-4.5692310524,-6.56329494767,8.20766466435,2.65045732036,3.01812128171,0.0,-1.99147188943,-9.57637622386,-1.34657780049,28.8410937662,-28.8521108295,0.0,466.36336851901734,467.0811545929468,465.60821811431435,464.5439579291996
1.8000000000000012,-4.70553458588,-7.1439733956,8.14312667483,4.38089815811,1.28691261992,0.0,-2.82036657773,-9.57461367844,-1.01740939533,28.8400488145,-28.8556325912,0.0,466.36336851901734,467.0811545929468,465.60821811431435,464.5439579291996
1.8600000000000012,-4.90595605501,-7.73531667663,8.06782349338,6.11121673595,5.83883671495,0.0,-3.60257167968,-10.2915962103,-1.26617400878,28.8364234193,-28.8524952468,0.0,466.36336851901734,467.0811545929468,465.60821811431435,464.5439579291996
1.9200000000000013,-5.09544822689,-8.35701186128,8.00284638625,1.55814817597,4.10769938821,0.0,-2.52941052773,-10.3396116244,-1.168623347,28.8334877868,-28.8519790524,0.0,466.36336851901734,467.0811545929468,465.60821811431435,464.5439579291996
1.9800000000000013,-5.22201942292,-9.00041127321,7.92640618785,3.28807187556,2.37667267205,0.0,-2.02447453636,-11.0519296721,-1.08174699597,28.8298084428,-28.8482332293,0.0,466.36336851901734,467.0811545929468,465.60821811431435,464.5439579291996
2.0400000000000014,-5.37849468424,-9.65611099682,7.86330465761,5.01770266128,0.645938373557,0.0,-3.25833089796,-10.9489129922,-1.27231407302,28.8228536907,-28.8418534454,0.0,466.36336851901734,467.0811545929468,465.60821811431435,464.5439579291996
2.1000000000000014,-5.58465768978,-10.3383940786,7.78719926253,0.463776088586,5.19869674973,0.0,-3.30048211285,-11.6687409501,-1.04335719254,28.8179720003,-28.8384153176,0.0,466.36336851901734,467.0811545929468,465.60821811431435,464.5439579291996
2.1600000000000015,-5.7442761046,-11.0380453985,7.7182412999,2.1929658638,3.46844218914,0.0,-2.02398780481,-11.8545842737,-1.39034089725,28.8224846759,-28.8363405051,0.0,466.36336851901734,467.0811545929468,465.60821811431435,464.5439579291996
2.2200000000000015,-5.8653842762,-11.7668155589,7.64677951273,3.92243337045,1.73820643378,0.0,-2.34643132614,-12.1445514898,-0.954190958463,28.8272701377,-28.8386957246,0.0,466.36336851901734,467.0811545929468,465.60821811431435,464.5439579291996
2.2800000000000016,-6.04436294639,-12.4970084878,7.57525429864,5.6519698499,0.00783262853077,0.0,-3.44368173316,-12.4599203695,-1.40991825831,28.8229611289,-28.8409096446,0.0,466.36336851901734,467.0811545929468,465.60821811431435,464.5439579291996
2.3400000000000016,-6.23964628072,-13.2623367526,7.50358671146,1.09810761417,4.56056519093,0.0,-2.78876967867,-12.8092116638,-1.06795977552,28.8206372522,-28.8408329756,0.0,466.36336851901734,467.0811545929468,465.60821811431435,464.5439579291996
2.4000000000000017,-6.37029048623,-14.0419223919,7.42586146171,2.82721949462,2.83011464763,0.0,-1.81464364562,-13.3603575409,-1.33882846368,28.8151271586,-28.8408566038,0.0,466.36336851901734,467.0811545929468,465.60821811431435,464.5439579291996
2.4600000000000017,-6.50231929964,-14.8413660061,7.35962275946,4.55607528045,1.0996729608,0.0,-2.80729680595,-13.1792573494,-1.14157007724,28.8129223036,-28.8404516651,0.0,466.36336851901734,467.0811545929468,465.60821811431435,464.5439579291996
2.520000000000002,-6.69566890577,-15.6508901002,7.27892805975,0.00179745990668,5.65233014708,0.0,-3.3631469312,-13.9106905357,-1.3045406298,28.8182450481,-28.8448208559,0.0,466.36336851901734,467.0811545929468,465.60821811431435,464.5439579291996
2.580000000000002,-6.86604007085,-16.4885370335,7.20779752404,1.73088295055,3.9215755372,0.0,-2.17409172868,-13.9701187577,-1.32495871363,28.8178585394,-28.8476121859,0.0,466.36336851901734,467.0811545929468,465.60821811431435,464.5439579291996
2.640000000000002,-6.97875760427,-17.3476612566,7.12671312489,3.4600708008,2.19085361016,0.0,-1.92391923348,-14.5120033869,-1.10606356444,28.8225624888,-28.842190217,0.0,466.36336851901734,467.0811545929468,465.60821811431435,464.5439579291996
2.700000000000002,-7.13157067109,-18.2089224217,7.05607948372,5.18964939635,0.460472153997,0.0,-3.15785187665,-14.4122215089,-1.42728992409,28.8313936949,-28.8361834765,0.0,466.36336851901734,467.0811545929468,465.60821811431435,464.5439579291996
2.760000000000002,-7.32432270277,-19.0974137094,6.97282836825,0.636549202403,5.01371949737,0.0,-2.96385284657,-15.0681787664,-1.1776179375,28.8395071311,-28.8272009438,0.0,466.36336851901734,467.0811545929468,465.60821811431435,464.5439579291996
2.820000000000002,-7.46310051618,-20.0026509006,6.89343364735,2.36695260905,3.28386646737,0.0,-1.74220985742,-15.3116873591,-1.53673933133,28.8408728975,-28.8371790513,0.0,466.36336851901734,467.0811545929468,465.60821811431435,464.5439579291996
2.880000000000002,-7.57462739358,-20.9305181069,6.81580975226,4.09744792336,1.55376107556,0.0,-2.28188913327,-15.3402088727,-1.12297492996,28.8426459232,-28.832123813,0.0,466.36336851901734,467.0811545929468,465.60821811431435,464.5439579291996
2.940000000000002,-7.74714340255,-21.8549182846,6.73265530126,5.82799424336,6.1069574826,0.0,-3.23391097026,-15.7082265959,-1.57841977455,28.8418424267,-28.8344611291,0.0,466.36336851901734,467.0811545929468,465.60821811431435,464.5439579291996
3.000000000000002,-7.92358028636,-22.8134493509,6.65083729906,1.27544879841,4.37686144868,0.0,-2.40748308063,-16.0129613525,-1.2894925905,28.8470515965,-28.8356583083,0.0,466.36336851901734,467.0811545929468,465.60821811431435,464.5439579291996
3.0600000000000023,-8.03514789516,-23.7864047524,6.5615036493,3.00632506594,2.64694072508,0.0,-1.6132351301,-16.517432173,-1.44350180627,28.8492403631,-28.8270524772,0.0,466.36336851901734,467.0811545929468,465.60821811431435,464.5439579291996
3.1200000000000023,-8.16052911879,-24.767805993,6.48505950435,4.73724704425,0.91727809795,0.0,-2.7340737489,-16.1992320857,-1.393139559,28.8478694527,-28.8287246322,0.0,466.36336851901734,467.0811545929468,465.60821811431435,464.5439579291996
3.1800000000000024,-8.34229520082,-25.7593161093,6.39171551037,0.184933692904,5.47062832322,0.0,-3.05016988707,-16.9288563058,-1.46569686622,28.8479888382,-28.8337067972,0.0,466.36336851901734,467.0811545929468,465.60821811431435,464.5439579291996
3.2400000000000024,-8.49054990147,-26.7769632795,6.30704540881,1.91578712477,3.74055612057,0.0,-1.79435177518,-16.9975634363,-1.58737299581,28.846896751,-28.835822831,0.0,466.36336851901734,467.0811545929468,465.60821811431435,464.5439579291996
3.3000000000000025,-8.58859302725,-27.8128251298,6.21546458995,3.64646300768,2.01027489923,0.0,-1.80224556377,-17.2990920701,-1.25763290413,28.8409090879,-28.8416343287,0.0,466.36336851901734,467.0811545929468,465.60821811431435,464.5439579291996
3.3600000000000025,-8.73480175657,-28.8411268338,6.13066498326,5.37681196656,0.279804728529,0.0,-2.97678499682,-17.2227337751,-1.67140327152,28.8359448837,-28.8401130278,0.0,466.36336851901734,467.0811545929468,465.60821811431435,464.5439579291996
3.4200000000000026,-8.91048059341,-29.8975052897,6.0347381743,0.823629277851,4.83265593832,0.0,-2.58959486332,-17.8347424698,-1.41105480119,28.8294680182,-28.8374209393,0.0,466.36336851901734,467.0811545929468,465.60821811431435,464.5439579291996
3.4800000000000026,-9.02714631945,-30.9691379093,5.94012847604,2.55327926382,3.10238775628,0.0,-1.46714274512,-18.0815838654,-1.74325372764,28.8240442452,-28.8381147134,0.0,466.36336851901734,467.0811545929468,465.60821811431435,464.5439579291996
3.5400000000000027,-9.12863992995,-32.0543507752,5.85168739343,4.28272626824,1.37204109189,0.0,-2.19127681235,-17.8689351015,-1.38400015739,28.8242259711,-28.8406633187,0.0,466.36336851901734,467.0811545929468,465.60821811431435,464.5439579291996
3.6000000000000028,-9.29175119706,-33.1330546611,5.75274466913,6.01231892458,5.92478129891,0.0,-2.97895391799,-18.3028050843,-1.80737311546,28.8296043288,-28.840676006,0.0,466.36336851901734,467.0811545929468,465.60821811431435,464.5439579291996
3.660000000000003,-9.44700550967,-34.2451260169,5.65677322256,1.45890079097,4.1942898051,0.0,-1.99222491484,-18.5442117101,-1.57571369533,28.829223153,-28.8428411243,0.0,466.36336851901734,467.0811545929468,465.60821811431435,464.5439579291996
3.720000000000003,-9.53972055796,-35.3701003793,5.55305007302,3.18878743829,2.46379014839,0.0,-1.42082832627,-18.9546492422,-1.58698422717,28.8346211437,-28.8399847375,0.0,466.36336851901734,467.0811545929468,465.60821811431435,464.5439579291996
3.780000000000003,-9.65784476097,-36.492370937,5.46223754396,4.91890321743,0.733411473514,0.0,-2.62227057004,-18.5655095269,-1.6947639216,28.8362134144,-28.8391363078,0.0,466.36336851901734,467.0811545929468,465.60821811431435,464.5439579291996
3.840000000000003,-9.825460548,-37.6263696252,5.3530766378,0.365856178867,5.28628940814,0.0,-2.69454865758,-19.2911480091,-1.68985504197,28.8355222889,-28.8382198073,0.0,466.36336851901734,467.0811545929468,465.60821811431435,464.5439579291996
3.900000000000003,-9.95040246919,-38.7846612696,5.25142503551,2.09605981169,3.55605685496,0.0,-1.43614166254,-19.3681040774,-1.89137119069,28.8384819253,-28.8357290992,0.0,466.36336851901734,467.0811545929468,465.60821811431435,464.5439579291996
3.960000000000003,-10.0346764532,-39.9563517073,5.14632362685,3.82622660117,1.8260178045,0.0,-1.6835237219,-19.4189005188,-1.5058352622,28.8327898897,-28.8319822074,0.0,466.36336851901734,467.0811545929468,465.60821811431435,464.5439579291996
4.020000000000002,-10.1732356676,-41.1135037346,5.04318710075,5.55612142076,0.0961740497169,0.0,-2.75845654763,-19.3949145658,-1.98207957063,28.8286161224,-28.8279463598,0.0,466.36336851901734,467.0811545929468,465.60821811431435,464.5439579291996
4.080000000000001,-10.3301810619,-42.3005673904,4.93079408076,1.00248963167,4.64991619041,0.0,-2.20372168339,-19.9796814479,-1.70910354707,28.8214150638,-28.8188095596,0.0,466.36336851901734,467.0811545929468,465.60821811431435,464.5439579291996
4.14,-10.4250883423,-43.5010911393,4.81743423486,2.73184280311,2.92090190033,0.0,-1.2087593473,-20.2079987709,-1.99394468008,28.8235911804,-28.8135893678,0.0,466.36336851901734,467.0811545929468,465.60821811431435,464.5439579291996
4.199999999999998,-10.5171660217,-44.705779928,4.7135860281,4.46111890856,1.1920589937,0.0,-2.09928683171,-19.8079495758,-1.72298502243,28.8174858924,-28.8147517267,0.0,466.36336851901734,467.0811545929468,465.60821811431435,464.5439579291996
4.259999999999997,-10.6692935662,-45.9035998094,4.59489161689,6.19004482688,5.74622842593,0.0,-2.69908655297,-20.3273778521,-2.08666597579,28.8122080264,-28.8206068094,0.0,466.36336851901734,467.0811545929468,465.60821811431435,464.5439579291996
4.319999999999996,-10.8026525661,-47.13425817,4.48059179904,1.63568180139,4.01684573358,0.0,-1.57518984255,-20.4947750078,-1.93635387138,28.8158663606,-28.8270309129,0.0,466.36336851901734,467.0811545929468,465.60821811431435,464.5439579291996
4.379999999999995,-10.8780440726,-48.3750892331,4.35918863509,3.36450135438,2.28724675886,0.0,-1.25383965672,-20.767264936,-1.80092395646,28.8102043045,-28.8262085169,0.0,466.36336851901734,467.0811545929468,465.60821811431435,464.5439579291996
4.439999999999993,-10.988782829,-49.6037116477,4.24935634211,5.09342659911,0.557593821761,0.0,-2.47246901635,-20.3727403717,-2.05038782396,28.8222320496,-28.8296609417,0.0,466.36336851901734,467.0811545929468,465.60821811431435,464.5439579291996
4.499999999999992,-11.1410634671,-50.847099378,4.12085332126,0.539654661097,5.11095299345,0.0,-2.3346091146,-21.1009882874,-1.98939642379,28.826543998,-28.8328166356,0.0,466.36336851901734,467.0811545929468,465.60821811431435,464.5439579291996
4.559999999999991,-11.2435618171,-52.112482295,3.99864671636,2.26927279216,3.38103576925,0.0,-1.13032656458,-21.1661652919,-2.23623123134,28.8272309773,-28.8303229624,0.0,466.36336851901734,467.0811545929468,465.60821811431435,464.5439579291996
4.6199999999999894,-11.3157166391,-53.385463727,3.87683271902,3.99905354551,1.65132921457,0.0,-1.56851426719,-20.9970340955,-1.83643137229,28.8336404758,-28.8262963389,0.0,466.36336851901734,467.0811545929468,465.60821811431435,464.5439579291996
4.679999999999988,-11.445927209,-54.6397588159,3.75204121439,5.7289965406,6.2050522173,0.0,-2.53237622091,-21.0480724329,-2.34642365625,28.829034825,-28.8204213267,0.0,466.36336851901734,467.0811545929468,465.60821811431435,464.5439579291996
4.739999999999987,-11.5839308992,-55.926148381,3.6204924642,1.17543846357,4.4759272812,0.0,-1.82336454491,-21.583651859,-2.04852734395,28.8240462995,-28.8163458118,0.0,466.36336851901734,467.0811545929468,465.60821811431435,464.5439579291996
4.799999999999986,-11.6590455453,-57.2234517348,3.48636684985,2.90490367386,2.74698645053,0.0,-0.979209238722,-21.787176883,-2.25640145953,28.8245152546,-28.81424828,0.0,466.36336851901734,467.0811545929468,465.60821811431435,464.5439579291996
4.859999999999984,-11.7429159903,-58.5160096702,3.36418313586,4.63449288648,1.018067829,0.0,-2.01532772852,-21.2575250225,-2.101392347,28.8292956258,-28.8169689234,0.0,466.36336851901734,467.0811545929468,465.60821811431435,464.5439579291996
4.919999999999983,-11.88354039,-59.8036803207,3.22392459637,0.0811336517611,5.57224595405,0.0,-2.40773447211,-21.8684805464,-2.37839507414,28.8324852078,-28.8169622578,0.0,466.36336851901734,467.0811545929468,465.60821811431435,464.5439579291996
4.979999999999982,-11.995646297,-61.1232514428,3.08942420003,1.81108846835,3.84325753234,0.0,-1.19520559928,-21.9635088801,-2.33031151398,28.8327234074,-28.8157467568,0.0,466.36336851901734,467.0811545929468,465.60821811431435,464.5439579291996
5.0399999999999805,-12.0561437622,-62.4495678885,2.94936825579,3.54096770779,2.11450576702,0.0,-1.12214491736,-22.0638761299,-2.06547824525,28.8299357376,-28.808869629,0.0,466.36336851901734,467.0811545929468,465.60821811431435,464.5439579291996
